-1 145
-1 154
-1 -172
-2 172
-2 154
-2 -145
-3 154
-3 172
-3 -199
-4 199
-4 172
-4 -154
-5 163
-5 181
-5 -208
-6 208
-6 181
-6 -163
-7 172
-7 181
-7 -190
-8 190
-8 181
-8 -172
-9 199
-9 208
-9 -217
-10 217
-10 208
-10 -199
-11 208
-11 217
-11 -226
-12 226
-12 217
-12 -208
-13 145
-13 163
-13 -190
-14 190
-14 163
-14 -145
-15 163
-15 190
-15 -226
-16 226
-16 190
-16 -163
-17 154
-17 181
-17 -217
-18 217
-18 181
-18 -154
-19 146
-19 155
-19 -173
-20 173
-20 155
-20 -146
-21 155
-21 173
-21 -200
-22 200
-22 173
-22 -155
-23 164
-23 182
-23 -209
-24 209
-24 182
-24 -164
-25 173
-25 182
-25 -191
-26 191
-26 182
-26 -173
-27 200
-27 209
-27 -218
-28 218
-28 209
-28 -200
-29 209
-29 218
-29 -227
-30 227
-30 218
-30 -209
-31 146
-31 164
-31 -191
-32 191
-32 164
-32 -146
-33 164
-33 191
-33 -227
-34 227
-34 191
-34 -164
-35 155
-35 182
-35 -218
-36 218
-36 182
-36 -155
-37 147
-37 156
-37 -174
-38 174
-38 156
-38 -147
-39 156
-39 174
-39 -201
-40 201
-40 174
-40 -156
-41 165
-41 183
-41 -210
-42 210
-42 183
-42 -165
-43 174
-43 183
-43 -192
-44 192
-44 183
-44 -174
-45 201
-45 210
-45 -219
-46 219
-46 210
-46 -201
-47 210
-47 219
-47 -228
-48 228
-48 219
-48 -210
-49 147
-49 165
-49 -192
-50 192
-50 165
-50 -147
-51 165
-51 192
-51 -228
-52 228
-52 192
-52 -165
-53 156
-53 183
-53 -219
-54 219
-54 183
-54 -156
-55 148
-55 157
-55 -175
-56 175
-56 157
-56 -148
-57 157
-57 175
-57 -202
-58 202
-58 175
-58 -157
-59 166
-59 184
-59 -211
-60 211
-60 184
-60 -166
-61 175
-61 184
-61 -193
-62 193
-62 184
-62 -175
-63 202
-63 211
-63 -220
-64 220
-64 211
-64 -202
-65 211
-65 220
-65 -229
-66 229
-66 220
-66 -211
-67 148
-67 166
-67 -193
-68 193
-68 166
-68 -148
-69 166
-69 193
-69 -229
-70 229
-70 193
-70 -166
-71 157
-71 184
-71 -220
-72 220
-72 184
-72 -157
-73 149
-73 158
-73 -176
-74 176
-74 158
-74 -149
-75 158
-75 176
-75 -203
-76 203
-76 176
-76 -158
-77 167
-77 185
-77 -212
-78 212
-78 185
-78 -167
-79 176
-79 185
-79 -194
-80 194
-80 185
-80 -176
-81 203
-81 212
-81 -221
-82 221
-82 212
-82 -203
-83 212
-83 221
-83 -230
-84 230
-84 221
-84 -212
-85 149
-85 167
-85 -194
-86 194
-86 167
-86 -149
-87 167
-87 194
-87 -230
-88 230
-88 194
-88 -167
-89 158
-89 185
-89 -221
-90 221
-90 185
-90 -158
-91 150
-91 159
-91 -177
-92 177
-92 159
-92 -150
-93 159
-93 177
-93 -204
-94 204
-94 177
-94 -159
-95 168
-95 186
-95 -213
-96 213
-96 186
-96 -168
-97 177
-97 186
-97 -195
-98 195
-98 186
-98 -177
-99 204
-99 213
-99 -222
-100 222
-100 213
-100 -204
-101 213
-101 222
-101 -231
-102 231
-102 222
-102 -213
-103 150
-103 168
-103 -195
-104 195
-104 168
-104 -150
-105 168
-105 195
-105 -231
-106 231
-106 195
-106 -168
-107 159
-107 186
-107 -222
-108 222
-108 186
-108 -159
-109 151
-109 160
-109 -178
-110 178
-110 160
-110 -151
-111 160
-111 178
-111 -205
-112 205
-112 178
-112 -160
-113 169
-113 187
-113 -214
-114 214
-114 187
-114 -169
-115 178
-115 187
-115 -196
-116 196
-116 187
-116 -178
-117 205
-117 214
-117 -223
-118 223
-118 214
-118 -205
-119 214
-119 223
-119 -232
-120 232
-120 223
-120 -214
-121 151
-121 169
-121 -196
-122 196
-122 169
-122 -151
-123 169
-123 196
-123 -232
-124 232
-124 196
-124 -169
-125 160
-125 187
-125 -223
-126 223
-126 187
-126 -160
-127 152
-127 161
-127 -179
-128 179
-128 161
-128 -152
-129 161
-129 179
-129 -206
-130 206
-130 179
-130 -161
-131 170
-131 188
-131 -215
-132 215
-132 188
-132 -170
-133 179
-133 188
-133 -197
-134 197
-134 188
-134 -179
-135 206
-135 215
-135 -224
-136 224
-136 215
-136 -206
-137 215
-137 224
-137 -233
-138 233
-138 224
-138 -215
-139 152
-139 170
-139 -197
-140 197
-140 170
-140 -152
-141 170
-141 197
-141 -233
-142 233
-142 197
-142 -170
-143 161
-143 188
-143 -224
-144 224
-144 188
-144 -161
-1 -146
-1 -155
-1 173
-2 -173
-2 -155
-2 146
-3 -155
-3 -173
-3 200
-4 -200
-4 -173
-4 155
-5 -164
-5 -182
-5 209
-6 -209
-6 -182
-6 164
-7 -173
-7 -182
-7 191
-8 -191
-8 -182
-8 173
-9 -200
-9 -209
-9 218
-10 -218
-10 -209
-10 200
-11 -209
-11 -218
-11 227
-12 -227
-12 -218
-12 209
-13 -146
-13 -164
-13 191
-14 -191
-14 -164
-14 146
-15 -164
-15 -191
-15 227
-16 -227
-16 -191
-16 164
-17 -155
-17 -182
-17 218
-18 -218
-18 -182
-18 155
-19 -147
-19 -156
-19 174
-20 -174
-20 -156
-20 147
-21 -156
-21 -174
-21 201
-22 -201
-22 -174
-22 156
-23 -165
-23 -183
-23 210
-24 -210
-24 -183
-24 165
-25 -174
-25 -183
-25 192
-26 -192
-26 -183
-26 174
-27 -201
-27 -210
-27 219
-28 -219
-28 -210
-28 201
-29 -210
-29 -219
-29 228
-30 -228
-30 -219
-30 210
-31 -147
-31 -165
-31 192
-32 -192
-32 -165
-32 147
-33 -165
-33 -192
-33 228
-34 -228
-34 -192
-34 165
-35 -156
-35 -183
-35 219
-36 -219
-36 -183
-36 156
-37 -148
-37 -157
-37 175
-38 -175
-38 -157
-38 148
-39 -157
-39 -175
-39 202
-40 -202
-40 -175
-40 157
-41 -166
-41 -184
-41 211
-42 -211
-42 -184
-42 166
-43 -175
-43 -184
-43 193
-44 -193
-44 -184
-44 175
-45 -202
-45 -211
-45 220
-46 -220
-46 -211
-46 202
-47 -211
-47 -220
-47 229
-48 -229
-48 -220
-48 211
-49 -148
-49 -166
-49 193
-50 -193
-50 -166
-50 148
-51 -166
-51 -193
-51 229
-52 -229
-52 -193
-52 166
-53 -157
-53 -184
-53 220
-54 -220
-54 -184
-54 157
-55 -149
-55 -158
-55 176
-56 -176
-56 -158
-56 149
-57 -158
-57 -176
-57 203
-58 -203
-58 -176
-58 158
-59 -167
-59 -185
-59 212
-60 -212
-60 -185
-60 167
-61 -176
-61 -185
-61 194
-62 -194
-62 -185
-62 176
-63 -203
-63 -212
-63 221
-64 -221
-64 -212
-64 203
-65 -212
-65 -221
-65 230
-66 -230
-66 -221
-66 212
-67 -149
-67 -167
-67 194
-68 -194
-68 -167
-68 149
-69 -167
-69 -194
-69 230
-70 -230
-70 -194
-70 167
-71 -158
-71 -185
-71 221
-72 -221
-72 -185
-72 158
-73 -150
-73 -159
-73 177
-74 -177
-74 -159
-74 150
-75 -159
-75 -177
-75 204
-76 -204
-76 -177
-76 159
-77 -168
-77 -186
-77 213
-78 -213
-78 -186
-78 168
-79 -177
-79 -186
-79 195
-80 -195
-80 -186
-80 177
-81 -204
-81 -213
-81 222
-82 -222
-82 -213
-82 204
-83 -213
-83 -222
-83 231
-84 -231
-84 -222
-84 213
-85 -150
-85 -168
-85 195
-86 -195
-86 -168
-86 150
-87 -168
-87 -195
-87 231
-88 -231
-88 -195
-88 168
-89 -159
-89 -186
-89 222
-90 -222
-90 -186
-90 159
-91 -151
-91 -160
-91 178
-92 -178
-92 -160
-92 151
-93 -160
-93 -178
-93 205
-94 -205
-94 -178
-94 160
-95 -169
-95 -187
-95 214
-96 -214
-96 -187
-96 169
-97 -178
-97 -187
-97 196
-98 -196
-98 -187
-98 178
-99 -205
-99 -214
-99 223
-100 -223
-100 -214
-100 205
-101 -214
-101 -223
-101 232
-102 -232
-102 -223
-102 214
-103 -151
-103 -169
-103 196
-104 -196
-104 -169
-104 151
-105 -169
-105 -196
-105 232
-106 -232
-106 -196
-106 169
-107 -160
-107 -187
-107 223
-108 -223
-108 -187
-108 160
-109 -152
-109 -161
-109 179
-110 -179
-110 -161
-110 152
-111 -161
-111 -179
-111 206
-112 -206
-112 -179
-112 161
-113 -170
-113 -188
-113 215
-114 -215
-114 -188
-114 170
-115 -179
-115 -188
-115 197
-116 -197
-116 -188
-116 179
-117 -206
-117 -215
-117 224
-118 -224
-118 -215
-118 206
-119 -215
-119 -224
-119 233
-120 -233
-120 -224
-120 215
-121 -152
-121 -170
-121 197
-122 -197
-122 -170
-122 152
-123 -170
-123 -197
-123 233
-124 -233
-124 -197
-124 170
-125 -161
-125 -188
-125 224
-126 -224
-126 -188
-126 161
-127 -153
-127 -162
-127 180
-128 -180
-128 -162
-128 153
-129 -162
-129 -180
-129 207
-130 -207
-130 -180
-130 162
-131 -171
-131 -189
-131 216
-132 -216
-132 -189
-132 171
-133 -180
-133 -189
-133 198
-134 -198
-134 -189
-134 180
-135 -207
-135 -216
-135 225
-136 -225
-136 -216
-136 207
-137 -216
-137 -225
-137 234
-138 -234
-138 -225
-138 216
-139 -153
-139 -171
-139 198
-140 -198
-140 -171
-140 153
-141 -171
-141 -198
-141 234
-142 -234
-142 -198
-142 171
-143 -162
-143 -189
-143 225
-144 -225
-144 -189
-144 162
-145 146 1 13
-146 147 19 31
-147 148 37 49
-148 149 55 67
-149 150 73 85
-150 151 91 103
-151 152 109 121
-152 153 127 139
-154 155 1 2 3 17
-155 156 19 20 21 35
-156 157 37 38 39 53
-157 158 55 56 57 71
-158 159 73 74 75 89
-159 160 91 92 93 107
-160 161 109 110 111 125
-161 162 127 128 129 143
-163 164 5 13 14 15
-164 165 23 31 32 33
-165 166 41 49 50 51
-166 167 59 67 68 69
-167 168 77 85 86 87
-168 169 95 103 104 105
-169 170 113 121 122 123
-170 171 131 139 140 141
-172 173 2 3 4 7
-173 174 20 21 22 25
-174 175 38 39 40 43
-175 176 56 57 58 61
-176 177 74 75 76 79
-177 178 92 93 94 97
-178 179 110 111 112 115
-179 180 128 129 130 133
-181 182 5 6 7 8 17 18
-182 183 23 24 25 26 35 36
-183 184 41 42 43 44 53 54
-184 185 59 60 61 62 71 72
-185 186 77 78 79 80 89 90
-186 187 95 96 97 98 107 108
-187 188 113 114 115 116 125 126
-188 189 131 132 133 134 143 144
-190 191 8 14 15 16
-191 192 26 32 33 34
-192 193 44 50 51 52
-193 194 62 68 69 70
-194 195 80 86 87 88
-195 196 98 104 105 106
-196 197 116 122 123 124
-197 198 134 140 141 142
-199 200 4 9
-200 201 22 27
-201 202 40 45
-202 203 58 63
-203 204 76 81
-204 205 94 99
-205 206 112 117
-206 207 130 135
-208 209 6 9 10 11
-209 210 24 27 28 29
-210 211 42 45 46 47
-211 212 60 63 64 65
-212 213 78 81 82 83
-213 214 96 99 100 101
-214 215 114 117 118 119
-215 216 132 135 136 137
-217 218 10 11 12 18
-218 219 28 29 30 36
-219 220 46 47 48 54
-220 221 64 65 66 72
-221 222 82 83 84 90
-222 223 100 101 102 108
-223 224 118 119 120 126
-224 225 136 137 138 144
-226 227 12 16
-227 228 30 34
-228 229 48 52
-229 230 66 70
-230 231 84 88
-231 232 102 106
-232 233 120 124
-233 234 138 142
145 -146 2 14
146 -147 20 32
147 -148 38 50
148 -149 56 68
149 -150 74 86
150 -151 92 104
151 -152 110 122
152 -153 128 140
154 -155 4 18
155 -156 22 36
156 -157 40 54
157 -158 58 72
158 -159 76 90
159 -160 94 108
160 -161 112 126
161 -162 130 144
163 -164 6 16
164 -165 24 34
165 -166 42 52
166 -167 60 70
167 -168 78 88
168 -169 96 106
169 -170 114 124
170 -171 132 142
172 -173 1 8
173 -174 19 26
174 -175 37 44
175 -176 55 62
176 -177 73 80
177 -178 91 98
178 -179 109 116
179 -180 127 134
181 -182
182 -183
183 -184
184 -185
185 -186
186 -187
187 -188
188 -189
190 -191 7 13
191 -192 25 31
192 -193 43 49
193 -194 61 67
194 -195 79 85
195 -196 97 103
196 -197 115 121
197 -198 133 139
199 -200 3 10
200 -201 21 28
201 -202 39 46
202 -203 57 64
203 -204 75 82
204 -205 93 100
205 -206 111 118
206 -207 129 136
208 -209 5 12
209 -210 23 30
210 -211 41 48
211 -212 59 66
212 -213 77 84
213 -214 95 102
214 -215 113 120
215 -216 131 138
217 -218 9 17
218 -219 27 35
219 -220 45 53
220 -221 63 71
221 -222 81 89
222 -223 99 107
223 -224 117 125
224 -225 135 143
226 -227 11 15
227 -228 29 33
228 -229 47 51
229 -230 65 69
230 -231 83 87
231 -232 101 105
232 -233 119 123
233 -234 137 141
-1 -2
-1 -3
-1 -4
-1 -5
-1 -6
-1 -7
-1 -8
-1 -9
-1 -10
-1 -11
-1 -12
-1 -13
-1 -14
-1 -15
-1 -16
-1 -17
-1 -18
-2 -3
-2 -4
-2 -5
-2 -6
-2 -7
-2 -8
-2 -9
-2 -10
-2 -11
-2 -12
-2 -13
-2 -14
-2 -15
-2 -16
-2 -17
-2 -18
-3 -4
-3 -5
-3 -6
-3 -7
-3 -8
-3 -9
-3 -10
-3 -11
-3 -12
-3 -13
-3 -14
-3 -15
-3 -16
-3 -17
-3 -18
-4 -5
-4 -6
-4 -7
-4 -8
-4 -9
-4 -10
-4 -11
-4 -12
-4 -13
-4 -14
-4 -15
-4 -16
-4 -17
-4 -18
-5 -6
-5 -7
-5 -8
-5 -9
-5 -10
-5 -11
-5 -12
-5 -13
-5 -14
-5 -15
-5 -16
-5 -17
-5 -18
-6 -7
-6 -8
-6 -9
-6 -10
-6 -11
-6 -12
-6 -13
-6 -14
-6 -15
-6 -16
-6 -17
-6 -18
-7 -8
-7 -9
-7 -10
-7 -11
-7 -12
-7 -13
-7 -14
-7 -15
-7 -16
-7 -17
-7 -18
-8 -9
-8 -10
-8 -11
-8 -12
-8 -13
-8 -14
-8 -15
-8 -16
-8 -17
-8 -18
-9 -10
-9 -11
-9 -12
-9 -13
-9 -14
-9 -15
-9 -16
-9 -17
-9 -18
-10 -11
-10 -12
-10 -13
-10 -14
-10 -15
-10 -16
-10 -17
-10 -18
-11 -12
-11 -13
-11 -14
-11 -15
-11 -16
-11 -17
-11 -18
-12 -13
-12 -14
-12 -15
-12 -16
-12 -17
-12 -18
-13 -14
-13 -15
-13 -16
-13 -17
-13 -18
-14 -15
-14 -16
-14 -17
-14 -18
-15 -16
-15 -17
-15 -18
-16 -17
-16 -18
-17 -18
-19 -20
-19 -21
-19 -22
-19 -23
-19 -24
-19 -25
-19 -26
-19 -27
-19 -28
-19 -29
-19 -30
-19 -31
-19 -32
-19 -33
-19 -34
-19 -35
-19 -36
-20 -21
-20 -22
-20 -23
-20 -24
-20 -25
-20 -26
-20 -27
-20 -28
-20 -29
-20 -30
-20 -31
-20 -32
-20 -33
-20 -34
-20 -35
-20 -36
-21 -22
-21 -23
-21 -24
-21 -25
-21 -26
-21 -27
-21 -28
-21 -29
-21 -30
-21 -31
-21 -32
-21 -33
-21 -34
-21 -35
-21 -36
-22 -23
-22 -24
-22 -25
-22 -26
-22 -27
-22 -28
-22 -29
-22 -30
-22 -31
-22 -32
-22 -33
-22 -34
-22 -35
-22 -36
-23 -24
-23 -25
-23 -26
-23 -27
-23 -28
-23 -29
-23 -30
-23 -31
-23 -32
-23 -33
-23 -34
-23 -35
-23 -36
-24 -25
-24 -26
-24 -27
-24 -28
-24 -29
-24 -30
-24 -31
-24 -32
-24 -33
-24 -34
-24 -35
-24 -36
-25 -26
-25 -27
-25 -28
-25 -29
-25 -30
-25 -31
-25 -32
-25 -33
-25 -34
-25 -35
-25 -36
-26 -27
-26 -28
-26 -29
-26 -30
-26 -31
-26 -32
-26 -33
-26 -34
-26 -35
-26 -36
-27 -28
-27 -29
-27 -30
-27 -31
-27 -32
-27 -33
-27 -34
-27 -35
-27 -36
-28 -29
-28 -30
-28 -31
-28 -32
-28 -33
-28 -34
-28 -35
-28 -36
-29 -30
-29 -31
-29 -32
-29 -33
-29 -34
-29 -35
-29 -36
-30 -31
-30 -32
-30 -33
-30 -34
-30 -35
-30 -36
-31 -32
-31 -33
-31 -34
-31 -35
-31 -36
-32 -33
-32 -34
-32 -35
-32 -36
-33 -34
-33 -35
-33 -36
-34 -35
-34 -36
-35 -36
-37 -38
-37 -39
-37 -40
-37 -41
-37 -42
-37 -43
-37 -44
-37 -45
-37 -46
-37 -47
-37 -48
-37 -49
-37 -50
-37 -51
-37 -52
-37 -53
-37 -54
-38 -39
-38 -40
-38 -41
-38 -42
-38 -43
-38 -44
-38 -45
-38 -46
-38 -47
-38 -48
-38 -49
-38 -50
-38 -51
-38 -52
-38 -53
-38 -54
-39 -40
-39 -41
-39 -42
-39 -43
-39 -44
-39 -45
-39 -46
-39 -47
-39 -48
-39 -49
-39 -50
-39 -51
-39 -52
-39 -53
-39 -54
-40 -41
-40 -42
-40 -43
-40 -44
-40 -45
-40 -46
-40 -47
-40 -48
-40 -49
-40 -50
-40 -51
-40 -52
-40 -53
-40 -54
-41 -42
-41 -43
-41 -44
-41 -45
-41 -46
-41 -47
-41 -48
-41 -49
-41 -50
-41 -51
-41 -52
-41 -53
-41 -54
-42 -43
-42 -44
-42 -45
-42 -46
-42 -47
-42 -48
-42 -49
-42 -50
-42 -51
-42 -52
-42 -53
-42 -54
-43 -44
-43 -45
-43 -46
-43 -47
-43 -48
-43 -49
-43 -50
-43 -51
-43 -52
-43 -53
-43 -54
-44 -45
-44 -46
-44 -47
-44 -48
-44 -49
-44 -50
-44 -51
-44 -52
-44 -53
-44 -54
-45 -46
-45 -47
-45 -48
-45 -49
-45 -50
-45 -51
-45 -52
-45 -53
-45 -54
-46 -47
-46 -48
-46 -49
-46 -50
-46 -51
-46 -52
-46 -53
-46 -54
-47 -48
-47 -49
-47 -50
-47 -51
-47 -52
-47 -53
-47 -54
-48 -49
-48 -50
-48 -51
-48 -52
-48 -53
-48 -54
-49 -50
-49 -51
-49 -52
-49 -53
-49 -54
-50 -51
-50 -52
-50 -53
-50 -54
-51 -52
-51 -53
-51 -54
-52 -53
-52 -54
-53 -54
-55 -56
-55 -57
-55 -58
-55 -59
-55 -60
-55 -61
-55 -62
-55 -63
-55 -64
-55 -65
-55 -66
-55 -67
-55 -68
-55 -69
-55 -70
-55 -71
-55 -72
-56 -57
-56 -58
-56 -59
-56 -60
-56 -61
-56 -62
-56 -63
-56 -64
-56 -65
-56 -66
-56 -67
-56 -68
-56 -69
-56 -70
-56 -71
-56 -72
-57 -58
-57 -59
-57 -60
-57 -61
-57 -62
-57 -63
-57 -64
-57 -65
-57 -66
-57 -67
-57 -68
-57 -69
-57 -70
-57 -71
-57 -72
-58 -59
-58 -60
-58 -61
-58 -62
-58 -63
-58 -64
-58 -65
-58 -66
-58 -67
-58 -68
-58 -69
-58 -70
-58 -71
-58 -72
-59 -60
-59 -61
-59 -62
-59 -63
-59 -64
-59 -65
-59 -66
-59 -67
-59 -68
-59 -69
-59 -70
-59 -71
-59 -72
-60 -61
-60 -62
-60 -63
-60 -64
-60 -65
-60 -66
-60 -67
-60 -68
-60 -69
-60 -70
-60 -71
-60 -72
-61 -62
-61 -63
-61 -64
-61 -65
-61 -66
-61 -67
-61 -68
-61 -69
-61 -70
-61 -71
-61 -72
-62 -63
-62 -64
-62 -65
-62 -66
-62 -67
-62 -68
-62 -69
-62 -70
-62 -71
-62 -72
-63 -64
-63 -65
-63 -66
-63 -67
-63 -68
-63 -69
-63 -70
-63 -71
-63 -72
-64 -65
-64 -66
-64 -67
-64 -68
-64 -69
-64 -70
-64 -71
-64 -72
-65 -66
-65 -67
-65 -68
-65 -69
-65 -70
-65 -71
-65 -72
-66 -67
-66 -68
-66 -69
-66 -70
-66 -71
-66 -72
-67 -68
-67 -69
-67 -70
-67 -71
-67 -72
-68 -69
-68 -70
-68 -71
-68 -72
-69 -70
-69 -71
-69 -72
-70 -71
-70 -72
-71 -72
-73 -74
-73 -75
-73 -76
-73 -77
-73 -78
-73 -79
-73 -80
-73 -81
-73 -82
-73 -83
-73 -84
-73 -85
-73 -86
-73 -87
-73 -88
-73 -89
-73 -90
-74 -75
-74 -76
-74 -77
-74 -78
-74 -79
-74 -80
-74 -81
-74 -82
-74 -83
-74 -84
-74 -85
-74 -86
-74 -87
-74 -88
-74 -89
-74 -90
-75 -76
-75 -77
-75 -78
-75 -79
-75 -80
-75 -81
-75 -82
-75 -83
-75 -84
-75 -85
-75 -86
-75 -87
-75 -88
-75 -89
-75 -90
-76 -77
-76 -78
-76 -79
-76 -80
-76 -81
-76 -82
-76 -83
-76 -84
-76 -85
-76 -86
-76 -87
-76 -88
-76 -89
-76 -90
-77 -78
-77 -79
-77 -80
-77 -81
-77 -82
-77 -83
-77 -84
-77 -85
-77 -86
-77 -87
-77 -88
-77 -89
-77 -90
-78 -79
-78 -80
-78 -81
-78 -82
-78 -83
-78 -84
-78 -85
-78 -86
-78 -87
-78 -88
-78 -89
-78 -90
-79 -80
-79 -81
-79 -82
-79 -83
-79 -84
-79 -85
-79 -86
-79 -87
-79 -88
-79 -89
-79 -90
-80 -81
-80 -82
-80 -83
-80 -84
-80 -85
-80 -86
-80 -87
-80 -88
-80 -89
-80 -90
-81 -82
-81 -83
-81 -84
-81 -85
-81 -86
-81 -87
-81 -88
-81 -89
-81 -90
-82 -83
-82 -84
-82 -85
-82 -86
-82 -87
-82 -88
-82 -89
-82 -90
-83 -84
-83 -85
-83 -86
-83 -87
-83 -88
-83 -89
-83 -90
-84 -85
-84 -86
-84 -87
-84 -88
-84 -89
-84 -90
-85 -86
-85 -87
-85 -88
-85 -89
-85 -90
-86 -87
-86 -88
-86 -89
-86 -90
-87 -88
-87 -89
-87 -90
-88 -89
-88 -90
-89 -90
-91 -92
-91 -93
-91 -94
-91 -95
-91 -96
-91 -97
-91 -98
-91 -99
-91 -100
-91 -101
-91 -102
-91 -103
-91 -104
-91 -105
-91 -106
-91 -107
-91 -108
-92 -93
-92 -94
-92 -95
-92 -96
-92 -97
-92 -98
-92 -99
-92 -100
-92 -101
-92 -102
-92 -103
-92 -104
-92 -105
-92 -106
-92 -107
-92 -108
-93 -94
-93 -95
-93 -96
-93 -97
-93 -98
-93 -99
-93 -100
-93 -101
-93 -102
-93 -103
-93 -104
-93 -105
-93 -106
-93 -107
-93 -108
-94 -95
-94 -96
-94 -97
-94 -98
-94 -99
-94 -100
-94 -101
-94 -102
-94 -103
-94 -104
-94 -105
-94 -106
-94 -107
-94 -108
-95 -96
-95 -97
-95 -98
-95 -99
-95 -100
-95 -101
-95 -102
-95 -103
-95 -104
-95 -105
-95 -106
-95 -107
-95 -108
-96 -97
-96 -98
-96 -99
-96 -100
-96 -101
-96 -102
-96 -103
-96 -104
-96 -105
-96 -106
-96 -107
-96 -108
-97 -98
-97 -99
-97 -100
-97 -101
-97 -102
-97 -103
-97 -104
-97 -105
-97 -106
-97 -107
-97 -108
-98 -99
-98 -100
-98 -101
-98 -102
-98 -103
-98 -104
-98 -105
-98 -106
-98 -107
-98 -108
-99 -100
-99 -101
-99 -102
-99 -103
-99 -104
-99 -105
-99 -106
-99 -107
-99 -108
-100 -101
-100 -102
-100 -103
-100 -104
-100 -105
-100 -106
-100 -107
-100 -108
-101 -102
-101 -103
-101 -104
-101 -105
-101 -106
-101 -107
-101 -108
-102 -103
-102 -104
-102 -105
-102 -106
-102 -107
-102 -108
-103 -104
-103 -105
-103 -106
-103 -107
-103 -108
-104 -105
-104 -106
-104 -107
-104 -108
-105 -106
-105 -107
-105 -108
-106 -107
-106 -108
-107 -108
-109 -110
-109 -111
-109 -112
-109 -113
-109 -114
-109 -115
-109 -116
-109 -117
-109 -118
-109 -119
-109 -120
-109 -121
-109 -122
-109 -123
-109 -124
-109 -125
-109 -126
-110 -111
-110 -112
-110 -113
-110 -114
-110 -115
-110 -116
-110 -117
-110 -118
-110 -119
-110 -120
-110 -121
-110 -122
-110 -123
-110 -124
-110 -125
-110 -126
-111 -112
-111 -113
-111 -114
-111 -115
-111 -116
-111 -117
-111 -118
-111 -119
-111 -120
-111 -121
-111 -122
-111 -123
-111 -124
-111 -125
-111 -126
-112 -113
-112 -114
-112 -115
-112 -116
-112 -117
-112 -118
-112 -119
-112 -120
-112 -121
-112 -122
-112 -123
-112 -124
-112 -125
-112 -126
-113 -114
-113 -115
-113 -116
-113 -117
-113 -118
-113 -119
-113 -120
-113 -121
-113 -122
-113 -123
-113 -124
-113 -125
-113 -126
-114 -115
-114 -116
-114 -117
-114 -118
-114 -119
-114 -120
-114 -121
-114 -122
-114 -123
-114 -124
-114 -125
-114 -126
-115 -116
-115 -117
-115 -118
-115 -119
-115 -120
-115 -121
-115 -122
-115 -123
-115 -124
-115 -125
-115 -126
-116 -117
-116 -118
-116 -119
-116 -120
-116 -121
-116 -122
-116 -123
-116 -124
-116 -125
-116 -126
-117 -118
-117 -119
-117 -120
-117 -121
-117 -122
-117 -123
-117 -124
-117 -125
-117 -126
-118 -119
-118 -120
-118 -121
-118 -122
-118 -123
-118 -124
-118 -125
-118 -126
-119 -120
-119 -121
-119 -122
-119 -123
-119 -124
-119 -125
-119 -126
-120 -121
-120 -122
-120 -123
-120 -124
-120 -125
-120 -126
-121 -122
-121 -123
-121 -124
-121 -125
-121 -126
-122 -123
-122 -124
-122 -125
-122 -126
-123 -124
-123 -125
-123 -126
-124 -125
-124 -126
-125 -126
-127 -128
-127 -129
-127 -130
-127 -131
-127 -132
-127 -133
-127 -134
-127 -135
-127 -136
-127 -137
-127 -138
-127 -139
-127 -140
-127 -141
-127 -142
-127 -143
-127 -144
-128 -129
-128 -130
-128 -131
-128 -132
-128 -133
-128 -134
-128 -135
-128 -136
-128 -137
-128 -138
-128 -139
-128 -140
-128 -141
-128 -142
-128 -143
-128 -144
-129 -130
-129 -131
-129 -132
-129 -133
-129 -134
-129 -135
-129 -136
-129 -137
-129 -138
-129 -139
-129 -140
-129 -141
-129 -142
-129 -143
-129 -144
-130 -131
-130 -132
-130 -133
-130 -134
-130 -135
-130 -136
-130 -137
-130 -138
-130 -139
-130 -140
-130 -141
-130 -142
-130 -143
-130 -144
-131 -132
-131 -133
-131 -134
-131 -135
-131 -136
-131 -137
-131 -138
-131 -139
-131 -140
-131 -141
-131 -142
-131 -143
-131 -144
-132 -133
-132 -134
-132 -135
-132 -136
-132 -137
-132 -138
-132 -139
-132 -140
-132 -141
-132 -142
-132 -143
-132 -144
-133 -134
-133 -135
-133 -136
-133 -137
-133 -138
-133 -139
-133 -140
-133 -141
-133 -142
-133 -143
-133 -144
-134 -135
-134 -136
-134 -137
-134 -138
-134 -139
-134 -140
-134 -141
-134 -142
-134 -143
-134 -144
-135 -136
-135 -137
-135 -138
-135 -139
-135 -140
-135 -141
-135 -142
-135 -143
-135 -144
-136 -137
-136 -138
-136 -139
-136 -140
-136 -141
-136 -142
-136 -143
-136 -144
-137 -138
-137 -139
-137 -140
-137 -141
-137 -142
-137 -143
-137 -144
-138 -139
-138 -140
-138 -141
-138 -142
-138 -143
-138 -144
-139 -140
-139 -141
-139 -142
-139 -143
-139 -144
-140 -141
-140 -142
-140 -143
-140 -144
-141 -142
-141 -143
-141 -144
-142 -143
-142 -144
-143 -144
-145
154
163
172
181
190
199
208
217
226
153 162 171 180 189 198 207 216 225 234
-153 -162
-153 -171
-153 -180
-153 -189
-153 -198
-153 -207
-153 -216
-153 -225
-153 -234
-162 -171
-162 -180
-162 -189
-162 -198
-162 -207
-162 -216
-162 -225
-162 -234
-171 -180
-171 -189
-171 -198
-171 -207
-171 -216
-171 -225
-171 -234
-180 -189
-180 -198
-180 -207
-180 -216
-180 -225
-180 -234
-189 -198
-189 -207
-189 -216
-189 -225
-189 -234
-198 -207
-198 -216
-198 -225
-198 -234
-207 -216
-207 -225
-207 -234
-216 -225
-216 -234
-225 -234
0
1 Jump(1,2,4,1)
2 Jump(4,2,1,1)
3 Jump(2,4,7,1)
4 Jump(7,4,2,1)
5 Jump(3,5,8,1)
6 Jump(8,5,3,1)
7 Jump(4,5,6,1)
8 Jump(6,5,4,1)
9 Jump(7,8,9,1)
10 Jump(9,8,7,1)
11 Jump(8,9,10,1)
12 Jump(10,9,8,1)
13 Jump(1,3,6,1)
14 Jump(6,3,1,1)
15 Jump(3,6,10,1)
16 Jump(10,6,3,1)
17 Jump(2,5,9,1)
18 Jump(9,5,2,1)
19 Jump(1,2,4,2)
20 Jump(4,2,1,2)
21 Jump(2,4,7,2)
22 Jump(7,4,2,2)
23 Jump(3,5,8,2)
24 Jump(8,5,3,2)
25 Jump(4,5,6,2)
26 Jump(6,5,4,2)
27 Jump(7,8,9,2)
28 Jump(9,8,7,2)
29 Jump(8,9,10,2)
30 Jump(10,9,8,2)
31 Jump(1,3,6,2)
32 Jump(6,3,1,2)
33 Jump(3,6,10,2)
34 Jump(10,6,3,2)
35 Jump(2,5,9,2)
36 Jump(9,5,2,2)
37 Jump(1,2,4,3)
38 Jump(4,2,1,3)
39 Jump(2,4,7,3)
40 Jump(7,4,2,3)
41 Jump(3,5,8,3)
42 Jump(8,5,3,3)
43 Jump(4,5,6,3)
44 Jump(6,5,4,3)
45 Jump(7,8,9,3)
46 Jump(9,8,7,3)
47 Jump(8,9,10,3)
48 Jump(10,9,8,3)
49 Jump(1,3,6,3)
50 Jump(6,3,1,3)
51 Jump(3,6,10,3)
52 Jump(10,6,3,3)
53 Jump(2,5,9,3)
54 Jump(9,5,2,3)
55 Jump(1,2,4,4)
56 Jump(4,2,1,4)
57 Jump(2,4,7,4)
58 Jump(7,4,2,4)
59 Jump(3,5,8,4)
60 Jump(8,5,3,4)
61 Jump(4,5,6,4)
62 Jump(6,5,4,4)
63 Jump(7,8,9,4)
64 Jump(9,8,7,4)
65 Jump(8,9,10,4)
66 Jump(10,9,8,4)
67 Jump(1,3,6,4)
68 Jump(6,3,1,4)
69 Jump(3,6,10,4)
70 Jump(10,6,3,4)
71 Jump(2,5,9,4)
72 Jump(9,5,2,4)
73 Jump(1,2,4,5)
74 Jump(4,2,1,5)
75 Jump(2,4,7,5)
76 Jump(7,4,2,5)
77 Jump(3,5,8,5)
78 Jump(8,5,3,5)
79 Jump(4,5,6,5)
80 Jump(6,5,4,5)
81 Jump(7,8,9,5)
82 Jump(9,8,7,5)
83 Jump(8,9,10,5)
84 Jump(10,9,8,5)
85 Jump(1,3,6,5)
86 Jump(6,3,1,5)
87 Jump(3,6,10,5)
88 Jump(10,6,3,5)
89 Jump(2,5,9,5)
90 Jump(9,5,2,5)
91 Jump(1,2,4,6)
92 Jump(4,2,1,6)
93 Jump(2,4,7,6)
94 Jump(7,4,2,6)
95 Jump(3,5,8,6)
96 Jump(8,5,3,6)
97 Jump(4,5,6,6)
98 Jump(6,5,4,6)
99 Jump(7,8,9,6)
100 Jump(9,8,7,6)
101 Jump(8,9,10,6)
102 Jump(10,9,8,6)
103 Jump(1,3,6,6)
104 Jump(6,3,1,6)
105 Jump(3,6,10,6)
106 Jump(10,6,3,6)
107 Jump(2,5,9,6)
108 Jump(9,5,2,6)
109 Jump(1,2,4,7)
110 Jump(4,2,1,7)
111 Jump(2,4,7,7)
112 Jump(7,4,2,7)
113 Jump(3,5,8,7)
114 Jump(8,5,3,7)
115 Jump(4,5,6,7)
116 Jump(6,5,4,7)
117 Jump(7,8,9,7)
118 Jump(9,8,7,7)
119 Jump(8,9,10,7)
120 Jump(10,9,8,7)
121 Jump(1,3,6,7)
122 Jump(6,3,1,7)
123 Jump(3,6,10,7)
124 Jump(10,6,3,7)
125 Jump(2,5,9,7)
126 Jump(9,5,2,7)
127 Jump(1,2,4,8)
128 Jump(4,2,1,8)
129 Jump(2,4,7,8)
130 Jump(7,4,2,8)
131 Jump(3,5,8,8)
132 Jump(8,5,3,8)
133 Jump(4,5,6,8)
134 Jump(6,5,4,8)
135 Jump(7,8,9,8)
136 Jump(9,8,7,8)
137 Jump(8,9,10,8)
138 Jump(10,9,8,8)
139 Jump(1,3,6,8)
140 Jump(6,3,1,8)
141 Jump(3,6,10,8)
142 Jump(10,6,3,8)
143 Jump(2,5,9,8)
144 Jump(9,5,2,8)
145 Peg(1,1)
146 Peg(1,2)
147 Peg(1,3)
148 Peg(1,4)
149 Peg(1,5)
150 Peg(1,6)
151 Peg(1,7)
152 Peg(1,8)
153 Peg(1,9)
154 Peg(2,1)
155 Peg(2,2)
156 Peg(2,3)
157 Peg(2,4)
158 Peg(2,5)
159 Peg(2,6)
160 Peg(2,7)
161 Peg(2,8)
162 Peg(2,9)
163 Peg(3,1)
164 Peg(3,2)
165 Peg(3,3)
166 Peg(3,4)
167 Peg(3,5)
168 Peg(3,6)
169 Peg(3,7)
170 Peg(3,8)
171 Peg(3,9)
172 Peg(4,1)
173 Peg(4,2)
174 Peg(4,3)
175 Peg(4,4)
176 Peg(4,5)
177 Peg(4,6)
178 Peg(4,7)
179 Peg(4,8)
180 Peg(4,9)
181 Peg(5,1)
182 Peg(5,2)
183 Peg(5,3)
184 Peg(5,4)
185 Peg(5,5)
186 Peg(5,6)
187 Peg(5,7)
188 Peg(5,8)
189 Peg(5,9)
190 Peg(6,1)
191 Peg(6,2)
192 Peg(6,3)
193 Peg(6,4)
194 Peg(6,5)
195 Peg(6,6)
196 Peg(6,7)
197 Peg(6,8)
198 Peg(6,9)
199 Peg(7,1)
200 Peg(7,2)
201 Peg(7,3)
202 Peg(7,4)
203 Peg(7,5)
204 Peg(7,6)
205 Peg(7,7)
206 Peg(7,8)
207 Peg(7,9)
208 Peg(8,1)
209 Peg(8,2)
210 Peg(8,3)
211 Peg(8,4)
212 Peg(8,5)
213 Peg(8,6)
214 Peg(8,7)
215 Peg(8,8)
216 Peg(8,9)
217 Peg(9,1)
218 Peg(9,2)
219 Peg(9,3)
220 Peg(9,4)
221 Peg(9,5)
222 Peg(9,6)
223 Peg(9,7)
224 Peg(9,8)
225 Peg(9,9)
226 Peg(10,1)
227 Peg(10,2)
228 Peg(10,3)
229 Peg(10,4)
230 Peg(10,5)
231 Peg(10,6)
232 Peg(10,7)
233 Peg(10,8)
234 Peg(10,9)
